##from:repo.hu/projects/openhw
##geo:180
##for:switch
##for:button

Element["" "" "" "" 175500 115500 0 0 0 100 ""]
(
	Pin[13091 9000 9000 5000 9600 3937 "" "4" "edge2,intconn(2)"]
	Pin[-12500 9000 9000 5000 9600 3937 "" "3" "edge2,intconn(2)"]
	Pin[13091 -9000 9000 5000 9600 3937 "" "2" "edge2,intconn(1)"]
	Pin[-12500 -9000 9000 5000 9600 3937 "" "1" "edge2,intconn(1)"]
	ElementLine [12181 11736 12181 -11886 787]
	ElementLine [-11441 11736 12181 11736 787]
	ElementLine [-11441 -11886 -11441 11736 787]
	ElementLine [-11441 -11886 12181 -11886 787]
	ElementArc [7815 -8031 2756 2756 90 90 787]
	ElementArc [7815 -8031 2756 2756 0 90 787]
	ElementArc [7815 -8031 2756 2756 270 90 787]
	ElementArc [7815 -8031 2756 2756 180 90 787]
	ElementArc [7815 7717 2756 2756 0 90 787]
	ElementArc [7815 7717 2756 2756 270 90 787]
	ElementArc [7815 7717 2756 2756 180 90 787]
	ElementArc [7815 7717 2756 2756 90 90 787]
	ElementArc [-7933 7717 2756 2756 270 90 787]
	ElementArc [-7933 7717 2756 2756 180 90 787]
	ElementArc [-7933 7717 2756 2756 90 90 787]
	ElementArc [-7933 7717 2756 2756 0 90 787]
	ElementArc [-7933 -8031 2756 2756 180 90 787]
	ElementArc [-7933 -8031 2756 2756 90 90 787]
	ElementArc [-7933 -8031 2756 2756 0 90 787]
	ElementArc [-7933 -8031 2756 2756 270 90 787]
	ElementArc [-59 -157 6693 6693 270 90 787]
	ElementArc [-59 -157 6693 6693 180 90 787]
	ElementArc [-59 -157 6693 6693 90 90 787]
	ElementArc [-59 -157 6693 6693 0 90 787]

	)
